0.585
0.528
0.478
0.552
0.554
0.557
0.537
0.564
0.561
0.545
0.559
0.555
0.545
0.516
0.401
0.397
0.417
0.484
0.510
0.547
0.442
0.455
0.362
0.493
0.485
0.468
0.339
0.546
0.451
0.545
0.489
0.497
0.481
0.547
0.494
0.453
0.491
0.551
0.512
0.544
0.495
0.544
0.497
0.546
0.548
0.543
0.541
0.546
0.544
0.550
0.532
0.509
0.475
0.409
0.410
0.535
0.559
0.512
0.478
0.388
0.398
0.559
0.467
0.545
0.563
0.547
0.543
0.545
0.544
0.567
0.545
0.558
0.547
0.543
0.542
0.541
0.562
0.545
0.544
0.544
0.544
0.455
0.543
0.540
0.563
0.519
0.540
0.514
0.493
0.457
0.547
0.519
0.496
0.525
0.530
0.477
0.473
0.383
0.511
0.540
0.564
0.527
0.542
0.522
0.546
0.527
0.547
0.522
0.544
0.532
0.538
0.527
0.544
0.468
0.485
0.534
0.508
0.545
0.557
0.543
0.544
0.545
0.565
0.545
0.561
0.547
0.526
0.499
0.463
0.424
0.286
0.504
0.402
0.544
0.529
0.551
0.561
0.543
0.558
0.560
0.564
0.365
0.541
0.495
0.544
0.543
0.563
0.548
0.532
0.546
0.555
0.537
0.503
0.476
0.393
0.445
0.543
0.547
0.547
0.541
0.541
0.544
0.545
0.499
0.544
0.543
0.540
0.478
0.549
0.545
0.460
0.543
0.547
0.462
0.547
0.544
0.468
0.485
0.490
0.397
0.422
0.558
0.541
0.544
0.397
0.542
0.488
0.547
0.478
0.544
0.560
0.561
0.560
0.477
0.560
0.548
0.565
0.547
0.545
0.541
0.547
0.558
0.500
0.540
0.544
0.546
0.529
0.547
0.483
0.513
0.476
0.414
0.397
0.563
0.560
0.509
0.400
0.541
0.400
0.491
0.546
0.498
0.543
0.543
0.543
0.558
0.562
0.547
0.537
0.494
0.522
0.531
0.407
0.542
0.559
0.482
0.543
0.458
0.546
0.471
0.525
0.500
0.456
0.393
0.468
0.539
0.539
0.491
0.561
0.544
0.541
0.540
0.567
0.541
0.547
0.543
0.548
0.561
0.566
0.546
0.546
0.539
0.569
0.523
0.389
0.563
0.559
0.541
0.403
0.412
0.499
0.544
0.560
0.559
0.565
0.566
0.458
0.523
0.548
0.517
0.550
0.541
0.544
0.541
0.564
0.474
0.543
0.500
0.543
0.491
0.544
0.528
0.359
0.323
0.331
0.472
0.418
0.511
0.405
0.393
0.383
0.545
0.488
0.541
0.571
0.485
0.406
0.510
0.527
0.519
0.540
0.540
0.505
0.543
0.558
0.539
0.585
0.480
0.542
0.560
0.561
0.540
0.462
0.544
0.543
0.542
0.536
0.537
0.541
0.400
0.541
0.547
0.513
0.543
0.542
0.515
0.485
0.460
0.427
0.539
0.539
0.529
0.499
0.459
0.377
0.549
0.540
0.540
0.508
0.538
0.572
0.460
0.562
0.547
0.534
0.533
0.559
0.490
0.545
0.508
0.536
0.508
0.468
0.397
0.442
0.547
0.533
0.476
0.549
0.494
0.544
0.543
0.539
0.515
0.484
0.404
0.390
0.546
0.538
0.494
0.485
0.481
0.426
0.541
0.393
0.538
0.545
0.537
0.539
0.543
0.538
0.540
0.543
0.542
0.545
0.536
0.542
0.562
0.542
0.540
0.484
0.546
0.404
0.547
0.542
0.543
0.543
0.390
0.542
0.528
0.540
0.540
0.464
0.546
0.543
0.553
0.534
0.540
0.512
0.538
0.514
0.544
0.392
0.506
0.388
0.455
0.388
0.540
0.550
0.509
0.484
0.393
0.395
0.478
0.544
0.558
0.540
0.486
0.536
0.503
0.546
0.502
0.481
0.391
0.540
0.503
0.542
0.538
0.534
0.459
0.539
0.466
0.541
0.547
0.540
0.504
0.560
0.541
0.540
0.548
0.533
0.502
0.420
0.409
0.462
0.541
0.360
0.506
0.479
0.397
0.401
0.481
0.541
0.539
0.536
0.470
0.545
0.538
0.560
0.537
0.544
0.487
0.541
0.536
0.537
0.544
0.479
0.536
0.524
0.538
0.505
0.544
0.526
0.489
0.539
0.538
0.478
0.544
0.481
0.538
0.540
0.537
0.531
0.559
0.454
0.508
0.542
0.454
0.537
0.484
0.528
0.511
0.480
0.406
0.513
0.543
0.531
0.508
0.483
0.398
0.402
0.560
0.498
0.540
0.540
0.537
0.462
0.539
0.525
0.561
0.489
0.546
0.397
0.543
0.538
0.492
0.558
0.544
0.474
0.541
0.545
0.476
0.544
0.502
0.509
0.541
0.549
0.543
0.539
0.502
0.476
0.520
0.513
0.541
0.528
0.510
0.468
0.409
0.564
0.534
0.548
0.559
0.563
0.544
0.517
0.540
0.511
0.537
0.547
0.535
0.456
0.542
0.538
0.536
0.397
0.511
0.550
0.560
0.493
0.535
0.538
0.541
0.537
0.543
0.540
0.540
0.516
0.486
0.485
0.539
0.468
0.542
0.399
0.500
0.457
0.424
0.538
0.486
0.539
0.508
0.540
0.558
0.539
0.559
0.557
0.543
0.540
0.480
0.329
0.474
0.519
0.537
0.539
0.567
0.540
0.508
0.541
0.552
0.494
0.551
0.560
0.549
0.539
0.546
0.518
0.481
0.394
0.400
0.541
0.554
0.539
0.553
0.538
0.557
0.535
0.399
0.537
0.551
0.541
0.552
0.468
0.580
0.560
0.511
0.537
0.577
0.541
0.552
0.542
0.474
0.502
0.455
0.380
0.561
0.541
0.552
0.543
0.551
0.541
0.552
0.538
0.567
0.463
0.513
0.473
0.407
0.543
0.543
0.539
0.440
0.476
0.390
0.447
0.534
0.556
0.520
0.538
0.562
0.560
0.538
0.477
0.536
0.546
0.524
0.512
0.538
0.538
0.537
0.514
0.538
0.494
0.540
0.454
0.488
0.535
0.543
0.544
0.575
0.545
0.545
0.526
0.538
0.453
0.535
0.545
0.540
0.529
0.504
0.466
0.367
0.542
0.536
0.497
0.536
0.472
0.405
0.542
0.560
0.501
0.509
0.544
0.538
0.536
0.536
0.536
0.472
0.539
0.537
0.460
0.537
0.386
0.537
0.541
0.479
0.533
0.560
0.566
0.552
0.537
0.540
0.538
0.537
0.540
0.540
0.519
0.497
0.455
0.419
0.536
0.417
0.543
0.480
0.538
0.561
0.560
0.536
0.536
0.537
0.487
0.540
0.388
0.389
0.541
0.537
0.468
0.540
0.543
0.544
0.461
0.540
0.538
0.542
0.539
0.537
0.544
0.538
0.510
0.477
0.395
0.411
0.535
0.538
0.531
0.538
0.561
0.535
0.559
0.388
0.534
0.494
0.536
0.496
0.543
0.470
0.545
0.541
0.500
0.542
0.543
0.574
0.561
0.559
0.535
0.536
0.537
0.537
0.531
0.481
0.467
0.464
0.409
0.547
0.519
0.471
0.536
0.509
0.535
0.541
0.536
0.393
0.504
0.537
0.501
0.535
0.561
0.540
0.484
0.533
0.460
0.540
0.535
0.558
0.540
0.520
0.540
0.507
0.541
0.538
0.540
0.533
0.541
0.534
0.559
0.539
0.527
0.524
0.493
0.489
0.420
0.536
0.534
0.541
0.536
0.532
0.525
0.515
0.536
0.500
0.561
0.536
0.562
0.582
0.539
0.458
0.535
0.530
0.559
0.555
0.559
0.536
0.533
0.541
0.534
0.538
0.544
0.531
0.472
0.519
0.539
0.535
0.536
0.539
0.532
0.508
0.477
0.394
0.404
0.537
0.573
0.519
0.481
0.386
0.399
0.508
0.510
0.541
0.535
0.542
0.414
0.461
0.539
0.534
0.530
0.522
0.538
0.533
0.491
0.455
0.534
0.540
0.563
0.560
0.533
0.539
0.506
0.545
0.539
0.539
0.560
0.538
0.528
0.510
0.467
0.419
0.515
0.566
0.539
0.541
0.534
0.534
0.540
0.461
0.535
0.534
0.537
0.562
0.534
0.534
0.534
0.490
0.538
0.569
0.534
0.536
0.457
0.540
0.511
0.492
0.394
0.539
0.558
0.458
0.523
0.489
0.454
0.412
0.535
0.546
0.538
0.533
0.459
0.376
0.538
0.456
0.480
0.540
0.537
0.539
0.505
0.534
0.534
0.541
0.504
0.474
0.408
0.516
0.534
0.537
0.543
0.471
0.366
0.333
0.546
0.484
0.525
0.548
0.561
0.539
0.488
0.544
0.538
0.563
0.558
0.533
0.519
0.537
0.523
0.513
0.496
0.490
