0.581
0.471
0.458
0.462
0.423
0.470
0.461
0.458
0.461
0.458
0.458
0.458
0.460
0.305
0.459
0.373
0.369
0.367
0.369
0.371
0.368
0.368
0.299
0.452
0.461
0.460
0.460
0.413
0.459
0.421
0.344
0.388
0.458
0.461
0.460
0.464
0.460
0.461
0.457
0.458
0.456
0.457
0.460
0.459
0.459
0.463
0.457
0.464
0.452
0.459
0.458
0.460
0.462
0.467
0.461
0.458
0.450
0.460
0.459
0.462
0.459
0.458
0.455
0.462
0.352
0.378
0.460
0.461
0.460
0.459
0.461
0.460
0.465
0.461
0.457
0.462
0.488
0.461
0.460
0.464
0.460
0.328
0.299
0.328
0.300
0.325
0.323
0.325
0.325
0.325
0.324
0.325
0.457
0.459
0.460
0.467
0.463
0.459
0.456
0.457
0.396
0.401
0.376
0.479
0.460
0.459
0.460
0.460
0.460
0.307
0.460
0.466
0.462
0.463
0.473
0.457
0.458
0.394
0.458
0.459
0.459
0.459
0.459
0.458
0.463
0.421
0.460
0.463
0.459
0.460
0.458
0.461
0.458
0.464
0.462
0.459
0.354
0.377
0.452
0.461
0.458
0.458
0.401
0.466
0.377
0.458
0.457
0.456
0.461
0.461
0.465
0.460
0.457
0.425
0.458
0.461
0.459
0.462
0.459
0.462
0.458
0.461
0.458
0.458
0.457
0.457
0.458
0.452
0.458
0.457
0.466
0.349
0.384
0.458
0.459
0.451
0.458
0.459
0.458
0.460
0.459
0.375
0.458
0.459
0.457
0.460
0.456
0.461
0.459
0.462
0.457
0.466
0.455
0.459
0.458
0.458
0.458
0.459
0.459
0.463
0.451
0.461
0.458
0.458
0.459
0.374
0.377
0.464
0.467
0.459
0.460
0.463
0.459
0.460
0.458
0.459
0.469
0.455
0.458
0.460
0.457
0.458
0.457
0.462
0.392
0.455
0.459
0.460
0.460
0.458
0.458
0.464
0.461
0.455
0.458
0.457
0.459
0.458
0.461
0.410
0.379
0.392
0.458
0.459
0.398
0.465
0.458
0.465
0.457
0.460
0.454
0.462
0.461
0.458
0.458
0.462
0.459
0.460
0.455
0.459
0.459
0.461
0.460
0.459
0.459
0.369
0.344
0.304
0.299
0.297
0.309
0.307
0.323
0.324
0.325
0.325
0.324
0.332
0.375
0.452
0.460
0.391
0.458
0.368
0.368
0.369
0.371
0.388
0.371
0.369
0.368
0.327
0.326
0.325
0.324
0.325
0.324
0.297
0.368
0.368
0.367
0.368
0.325
0.327
0.327
0.297
0.296
0.369
0.367
0.368
0.367
0.369
0.368
0.371
0.372
0.325
0.329
0.326
0.325
0.459
0.352
0.377
0.369
0.368
0.367
0.325
0.303
0.368
0.326
0.480
0.460
0.460
0.458
0.457
0.457
0.466
0.458
0.462
0.459
0.460
0.458
0.458
0.459
0.459
0.459
0.465
0.459
0.460
0.459
0.457
0.457
0.465
0.461
0.463
0.458
0.462
0.354
0.377
0.463
0.461
0.458
0.460
0.371
0.369
0.369
0.368
0.367
0.372
0.299
0.328
0.326
0.326
0.343
0.369
0.371
0.368
0.368
0.325
0.324
0.325
0.296
0.367
0.327
0.372
0.367
0.368
0.368
0.362
0.362
0.324
0.321
0.322
0.325
0.327
0.369
0.363
0.362
0.381
0.345
0.344
0.322
0.296
0.363
0.324
0.303
0.312
0.313
0.321
0.323
0.323
0.323
0.322
0.320
0.325
0.322
0.333
0.363
0.364
0.362
0.361
0.365
0.325
0.323
0.322
0.322
0.321
0.308
0.361
0.361
0.362
0.324
0.326
0.323
0.312
0.313
0.364
0.323
0.356
0.361
0.322
0.322
0.322
0.322
0.314
0.315
0.308
0.363
0.329
0.320
0.323
0.323
0.325
0.322
0.314
0.313
0.312
0.311
0.312
0.361
0.319
0.366
0.362
0.324
0.324
0.321
0.323
0.313
0.311
0.312
0.360
0.314
0.362
0.362
0.362
0.331
0.323
0.322
0.314
0.313
0.314
0.360
0.315
0.360
0.361
0.362
0.325
0.322
0.323
0.313
0.323
0.308
0.323
0.312
0.446
0.451
0.459
0.454
0.451
0.362
0.362
0.362
0.362
0.451
0.452
0.456
0.453
0.453
0.453
0.363
0.362
0.401
0.457
0.457
0.454
0.459
0.454
0.484
0.365
0.362
0.454
0.455
0.463
0.456
0.363
0.361
0.366
0.363
0.359
0.360
0.454
0.451
0.454
0.365
0.362
0.362
0.381
0.368
0.369
0.365
0.363
0.385
0.368
0.326
0.326
0.323
0.322
0.322
0.306
0.359
0.363
0.364
0.366
0.324
0.320
0.296
0.313
0.361
0.323
0.368
0.362
0.361
0.323
0.327
0.324
0.315
0.314
0.294
0.361
0.324
0.315
0.357
0.324
0.332
0.323
0.323
0.314
0.312
0.314
0.313
0.323
0.340
0.447
0.454
0.451
0.420
0.364
0.362
0.361
0.363
0.364
0.450
0.458
0.452
0.361
0.361
0.361
0.361
0.364
0.361
0.324
0.454
0.361
0.363
0.364
0.363
0.361
0.361
0.328
0.322
0.366
0.362
0.365
0.373
0.363
0.325
0.323
0.322
0.312
0.363
0.322
0.303
0.303
0.326
0.297
0.320
0.323
0.516
0.519
0.298
0.405
0.314
0.292
0.297
0.294
0.301
0.294
0.302
0.300
0.302
0.538
0.514
0.586
0.298
0.294
0.295
0.296
0.293
0.293
0.303
0.304
0.294
0.298
0.412
0.566
0.308
0.384
0.302
0.304
0.294
0.296
0.293
0.298
0.300
0.301
0.296
0.316
0.436
0.647
0.498
0.296
0.294
0.292
0.293
0.294
0.295
0.294
0.308
0.302
0.301
0.408
0.639
0.502
0.297
0.297
0.294
0.298
0.295
0.305
0.300
0.293
0.300
0.597
0.295
0.387
0.514
0.295
0.297
0.289
0.287
0.296
0.292
0.300
0.292
0.301
0.289
0.414
0.288
0.288
0.288
0.288
0.360
0.342
0.338
0.338
0.341
0.339
0.341
0.440
0.449
0.456
0.448
0.447
0.451
0.447
0.448
0.359
0.451
0.451
0.450
0.449
0.448
0.361
0.448
0.450
0.447
0.451
0.448
0.453
0.447
0.450
0.322
0.440
0.435
0.448
0.446
0.450
0.354
0.448
0.377
0.443
0.447
0.461
0.447
0.450
0.452
0.445
0.448
0.447
0.447
0.456
0.448
0.451
0.448
0.449
0.448
0.453
0.447
0.452
0.445
0.452
0.447
0.448
0.449
0.352
0.446
0.431
0.350
0.447
0.449
0.446
0.448
0.450
0.448
0.453
0.445
0.442
0.447
0.448
0.443
0.449
0.445
0.448
0.448
0.374
0.449
0.448
0.455
0.449
0.452
0.417
0.448
0.448
0.445
0.449
0.447
0.451
0.453
0.448
0.449
0.451
0.386
0.345
0.448
0.469
0.443
0.447
0.441
0.442
0.443
0.446
0.442
0.444
0.442
0.443
0.451
0.459
0.457
0.461
0.456
0.458
0.457
0.465
0.457
0.455
0.460
0.463
0.460
0.326
0.371
0.458
0.461
0.459
0.463
0.459
0.452
0.462
0.355
0.380
0.375
0.457
0.458
0.462
0.465
0.460
0.460
0.460
0.458
0.457
0.458
0.458
0.488
0.329
0.325
0.328
0.325
0.323
0.324
0.457
0.394
0.460
0.462
0.458
0.457
0.457
0.459
0.458
0.459
0.463
0.486
0.464
0.367
0.369
0.373
0.376
0.370
0.369
0.368
0.368
0.384
0.459
0.460
0.461
0.462
0.457
0.457
0.463
0.463
0.459
0.461
0.458
0.464
0.459
0.458
0.461
0.483
0.373
0.327
0.324
0.328
0.326
0.325
0.327
0.323
0.323
0.324
0.359
0.459
0.389
0.459
0.459
0.397
0.375
0.453
0.458
0.395
0.456
0.460
0.465
0.458
0.458
0.461
0.457
0.463
0.390
0.457
0.458
0.453
0.456
0.466
0.459
0.459
0.457
0.458
0.462
0.460
0.462
0.457
0.459
0.457
0.456
0.463
0.461
0.459
0.457
0.461
0.356
0.376
0.471
0.459
0.464
0.458
0.460
0.462
0.458
0.457
0.464
0.459
0.460
0.459
0.461
0.458
0.459
0.368
0.368
0.453
0.462
0.457
0.459
0.459
0.459
0.465
0.374
0.377
0.460
0.458
0.460
0.461
0.458
0.458
0.461
0.355
0.385
0.464
0.461
0.459
0.457
0.459
0.460
0.462
0.405
