0.451
0.496
0.488
0.492
0.403
0.492
0.487
0.487
0.454
0.488
0.486
0.481
0.379
0.496
0.489
0.467
0.486
0.503
0.488
0.489
0.474
0.487
0.488
0.485
0.452
0.491
0.487
0.487
0.398
0.462
0.491
0.488
0.453
0.493
0.486
0.490
0.494
0.485
0.487
0.487
0.490
0.486
0.489
0.489
0.492
0.383
0.486
0.474
0.490
0.487
0.487
0.390
0.458
0.490
0.488
0.488
0.455
0.489
0.488
0.486
0.452
0.463
0.453
0.333
0.459
0.489
0.490
0.485
0.494
0.487
0.486
0.488
0.494
0.395
0.496
0.486
0.493
0.398
0.403
0.475
0.454
0.487
0.489
0.487
0.491
0.469
0.389
0.492
0.460
0.490
0.491
0.390
0.466
0.494
0.492
0.351
0.465
0.492
0.487
0.489
0.464
0.492
0.488
0.487
0.464
0.470
0.491
0.488
0.463
0.493
0.487
0.397
0.463
0.488
0.488
0.490
0.464
0.490
0.489
0.489
0.466
0.493
0.488
0.490
0.493
0.468
0.490
0.492
0.416
0.485
0.490
0.489
0.469
0.489
0.490
0.488
0.474
0.491
0.490
0.491
0.466
0.496
0.500
0.490
0.479
0.467
0.489
0.489
0.478
0.489
0.490
0.392
0.472
0.490
0.489
0.488
0.474
0.497
0.431
0.491
0.471
0.407
0.474
0.493
0.470
0.489
0.488
0.492
0.474
0.491
0.489
0.489
0.474
0.400
0.501
0.490
0.475
0.428
0.365
0.494
0.491
0.497
0.488
0.490
0.494
0.393
0.496
0.489
0.493
0.493
0.490
0.388
0.477
0.494
0.403
0.378
0.484
0.491
0.490
0.491
0.480
0.491
0.487
0.490
0.484
0.494
0.468
0.490
0.485
0.487
0.465
0.425
0.484
0.491
0.487
0.491
0.482
0.490
0.488
0.489
0.471
0.473
0.491
0.488
0.449
0.491
0.491
0.496
0.396
0.494
0.489
0.488
0.483
0.489
0.487
0.488
0.487
0.495
0.377
0.511
0.372
0.376
0.373
0.329
0.393
0.393
0.462
0.495
0.487
0.489
0.489
0.488
0.393
0.495
0.485
0.488
0.483
0.490
0.488
0.369
0.490
0.363
0.492
0.390
0.473
0.491
0.488
0.494
0.368
0.487
0.383
0.498
0.400
0.494
0.488
0.492
0.488
0.402
0.445
0.491
0.484
0.486
0.488
0.492
0.487
0.447
0.482
0.490
0.463
0.489
0.395
0.368
0.370
0.370
0.396
0.411
0.494
0.485
0.480
0.492
0.484
0.474
0.454
0.503
0.473
0.489
0.487
0.497
0.485
0.486
0.491
0.403
0.489
0.494
0.486
0.477
0.488
0.493
0.487
0.446
0.487
0.491
0.485
0.460
0.487
0.487
0.487
0.397
0.461
0.489
0.488
0.442
0.491
0.493
0.455
0.383
0.493
0.488
0.486
0.429
0.469
0.488
0.489
0.422
0.377
0.483
0.495
0.411
0.491
0.491
0.489
0.417
0.494
0.485
0.394
0.372
0.488
0.489
0.396
0.372
0.468
0.456
0.489
0.389
0.490
0.493
0.459
0.397
0.496
0.488
0.491
0.395
0.475
0.485
0.492
0.394
0.494
0.402
0.479
0.394
0.491
0.495
0.487
0.491
0.491
0.483
0.488
0.493
0.488
0.486
0.490
0.490
0.490
0.489
0.391
0.394
0.490
0.491
0.425
0.364
0.493
0.394
0.494
0.459
0.490
0.487
0.492
0.493
0.491
0.484
0.389
0.447
0.490
0.492
0.388
0.465
0.491
0.489
0.485
0.459
0.475
0.487
0.486
0.398
0.494
0.385
0.458
0.373
0.484
0.491
0.472
0.496
0.485
0.490
0.489
0.496
0.488
0.490
0.488
0.494
0.487
0.490
0.487
0.501
0.484
0.494
0.488
0.494
0.490
0.490
0.490
0.504
0.491
0.487
0.488
0.495
0.492
0.489
0.489
0.462
0.407
0.485
0.474
0.463
0.398
0.492
0.488
0.456
0.491
0.491
0.491
0.460
0.495
0.485
0.488
0.457
0.490
0.368
0.495
0.462
0.491
0.491
0.391
0.463
0.490
0.491
0.488
0.459
0.469
0.490
0.489
0.461
0.492
0.408
0.458
0.464
0.462
0.490
0.488
0.462
0.492
0.488
0.489
0.467
0.490
0.488
0.486
0.464
0.488
0.493
0.393
0.468
0.490
0.472
0.492
0.459
0.493
0.488
0.490
0.465
0.396
0.493
0.489
0.464
0.491
0.509
0.496
0.483
0.490
0.490
0.488
0.496
0.487
0.489
0.490
0.495
0.491
0.488
0.490
0.491
0.488
0.493
0.488
0.407
0.475
0.490
0.490
0.465
0.490
0.487
0.489
0.474
0.490
0.487
0.487
0.470
0.490
0.499
0.489
0.472
0.375
0.487
0.490
0.472
0.489
0.487
0.489
0.476
0.489
0.489
0.396
0.477
0.489
0.495
0.488
0.473
0.406
0.456
0.491
0.479
0.488
0.486
0.487
0.478
0.489
0.485
0.485
0.493
0.459
0.502
0.486
0.479
0.487
0.389
0.479
0.492
0.486
0.485
0.485
0.493
0.490
0.491
0.488
0.459
0.478
0.493
0.487
0.487
0.490
0.496
0.378
0.484
0.490
0.489
0.487
0.484
0.487
0.490
0.488
0.485
0.488
0.413
0.493
0.496
0.489
0.490
0.397
0.470
0.469
0.488
0.387
0.487
0.492
0.491
0.490
0.489
0.516
0.377
0.374
0.392
0.493
0.492
0.490
0.359
0.494
0.494
0.489
0.493
0.488
0.372
0.373
0.490
0.489
0.360
0.390
0.485
0.490
0.490
0.494
0.437
0.455
0.490
0.371
0.488
0.490
0.480
0.495
0.489
0.490
0.491
0.494
0.490
0.487
0.488
0.492
0.489
0.405
0.479
0.493
0.490
0.489
0.489
0.495
0.490
0.488
0.468
0.540
0.484
0.489
0.485
0.395
0.491
0.486
0.382
0.496
0.485
0.490
0.488
0.491
0.486
0.489
0.492
0.489
0.486
0.487
0.487
0.490
0.487
0.485
0.397
0.466
0.491
0.487
0.489
0.490
0.486
0.488
0.463
0.489
0.492
0.488
0.490
0.495
0.486
0.465
0.486
0.413
0.489
0.452
0.488
0.402
0.491
0.489
0.494
0.409
0.474
0.476
0.490
0.409
0.489
0.488
0.488
0.410
0.458
0.491
0.487
0.374
0.492
0.485
0.462
0.404
0.457
0.487
0.488
0.391
0.371
0.370
0.368
0.378
0.404
0.475
0.489
0.481
0.488
0.488
0.493
0.373
0.496
0.486
0.487
0.451
0.494
0.487
0.488
0.474
0.488
0.349
0.374
0.455
0.370
0.374
0.351
0.454
0.370
0.370
0.373
0.456
0.491
0.489
0.489
0.491
0.490
0.394
0.460
0.493
0.487
0.488
0.497
0.494
0.491
0.492
0.489
0.492
0.492
0.488
0.490
0.492
0.489
0.488
0.414
0.457
0.492
0.489
0.480
0.455
0.490
0.488
0.487
0.391
0.492
0.494
0.490
0.462
0.492
0.489
0.494
0.400
0.492
0.489
0.495
0.455
0.497
0.489
0.495
0.456
0.489
0.396
0.492
0.492
0.490
0.461
0.495
0.497
0.384
0.495
0.403
0.498
0.488
0.491
0.485
0.495
0.489
0.489
0.397
0.376
0.494
0.486
0.486
0.494
0.388
0.467
0.493
0.393
0.491
0.486
0.489
0.493
0.491
0.489
0.488
0.493
0.487
0.452
0.490
0.506
0.488
0.377
0.458
0.482
0.488
0.489
0.490
0.474
0.485
0.489
0.484
0.382
0.494
0.486
0.487
0.389
0.489
0.416
0.456
0.433
0.487
0.489
0.489
0.401
0.467
0.487
0.490
0.408
0.372
0.490
0.486
0.407
0.493
0.487
0.402
0.407
0.493
0.485
0.492
0.393
0.490
0.485
0.486
0.491
0.487
0.458
0.490
0.491
0.487
0.474
0.392
0.393
0.491
0.486
0.488
0.395
0.493
0.477
0.485
0.405
0.495
0.487
0.493
0.407
0.493
0.491
0.469
0.399
0.468
0.489
0.492
0.396
0.493
0.487
0.486
0.409
0.494
0.493
0.480
0.393
0.499
0.489
0.490
0.455
0.393
0.486
0.487
0.459
0.491
0.489
0.488
0.404
0.492
0.490
0.488
0.464
0.400
0.493
0.467
0.401
0.488
0.481
0.487
0.457
0.492
0.487
0.487
0.495
0.488
0.386
0.487
0.400
0.461
0.488
0.488
0.458
0.491
0.410
0.479
0.456
0.490
0.490
0.490
0.458
0.491
